1 0 184 1
1 0 29 1
1 0 31 1
1 0 12 1
1 0 51 1
1 0 102 1
1 0 13 1
1 0 14 1
1 0 15 1
1 0 57 1
1 0 378 1
1 0 859 1
1 0 185 1
1 0 30 1
1 0 37 1
1 0 52 1
1 0 142 1
1 0 195 1
1 0 875 1
1 0 56 1
1 0 66 1
1 0 95 1
1 0 462 1
1 0 497 1
1 0 858 1
1 0 876 1
1 0 879 1
1 0 880 1
1 0 486 1
2 0 12 1
2 0 15 1
2 0 184 1
2 0 858 1
2 0 51 1
2 0 102 1
2 0 202 1
2 0 14 1
2 0 52 1
2 0 380 1
2 0 746 1
2 0 859 1
2 0 948 1
2 0 285 1
2 0 390 1
2 0 391 1
2 0 442 1
2 0 497 1
2 0 643 1
2 0 856 1
2 0 857 1
2 0 877 1
2 0 864 1
2 0 658 1
2 0 486 1
3 0 5 1
3 0 6 1
3 0 90 1
3 0 91 1
3 0 119 1
3 0 144 1
3 0 181 1
3 0 399 1
3 0 485 1
4 0 236 1
4 0 166 1
4 0 488 1
5 0 552 1
5 0 401 1
5 0 1297 1
5 0 1296 1
5 0 488 1
6 0 99 1
6 0 115 1
6 0 257 1
6 0 258 1
6 0 491 1
7 0 20 1
7 0 56 1
7 0 57 1
7 0 58 1
7 0 19 1
7 0 492 1
8 0 48 1
8 0 122 1
8 0 20 1
8 0 58 1
8 0 196 1
8 0 354 1
8 0 360 1
8 0 197 1
8 0 999 1
8 0 1112 1
8 0 1005 1
8 0 492 1
9 0 21 1
9 0 22 1
9 0 550 1
9 0 534 1
10 0 259 1
10 0 405 1
10 0 302 1
10 0 436 1
10 0 437 1
10 0 438 1
10 0 998 1
10 0 1011 1
10 0 493 1
11 0 27 1
11 0 28 1
11 0 262 1
11 0 160 1
11 0 20 1
11 0 263 1
11 0 654 1
11 0 495 1
12 0 86 1
12 0 194 1
12 0 650 1
12 0 649 1
12 0 652 1
12 0 624 1
13 0 64 1
13 0 265 1
13 0 65 1
13 0 311 1
13 0 496 1
14 0 64 1
14 0 65 1
14 0 496 1
15 0 463 1
15 0 462 1
15 0 497 1
16 0 266 1
16 0 106 1
16 0 196 1
16 0 498 1
17 0 106 1
17 0 196 1
17 0 498 1
18 0 196 1
18 0 197 1
18 0 198 1
18 0 498 1
19 0 32 1
19 0 67 1
19 0 164 1
19 0 639 1
19 0 715 1
19 0 716 1
19 0 719 1
19 0 1379 1
19 0 717 1
19 0 499 1
20 0 87 1
20 0 88 1
20 0 104 1
20 0 267 1
20 0 268 1
20 0 269 1
20 0 270 1
20 0 407 1
20 0 408 1
20 0 500 1
21 0 271 1
21 0 16 1
21 0 413 1
21 0 414 1
21 0 502 1
22 0 68 1
22 0 502 1
23 0 900 1
23 0 902 1
23 0 200 1
23 0 201 1
23 0 601 1
23 0 899 1
23 0 903 1
23 0 593 1
23 0 199 1
23 0 594 1
23 0 901 1
23 0 544 1
23 0 597 1
23 0 749 1
23 0 917 1
23 0 919 1
23 0 1333 1
23 0 634 1
23 0 687 1
23 0 698 1
23 0 1290 1
23 0 700 1
23 0 704 1
23 0 705 1
23 0 1109 1
23 0 1112 1
23 0 1141 1
23 0 1197 1
23 0 1256 1
23 0 1259 1
23 0 1272 1
23 0 1289 1
23 0 892 1
24 0 46 1
24 0 47 1
24 0 92 1
24 0 756 1
25 0 213 1
25 0 212 1
25 0 214 1
25 0 215 1
25 0 216 1
25 0 276 1
25 0 277 1
25 0 426 1
25 0 427 1
25 0 511 1
26 0 145 1
26 0 611 1
26 0 376 1
26 0 406 1
26 0 565 1
26 0 1076 1
26 0 511 1
27 0 224 1
27 0 278 1
27 0 428 1
27 0 512 1
28 0 224 1
28 0 279 1
28 0 512 1
29 0 250 1
29 0 514 1
29 0 609 1
29 0 225 1
29 0 793 1
29 0 464 1
29 0 465 1
29 0 612 1
29 0 466 1
29 0 513 1
30 0 225 1
30 0 464 1
30 0 514 1
30 0 466 1
30 0 609 1
30 0 612 1
30 0 793 1
30 0 513 1
31 0 776 1
31 0 751 1
32 0 465 1
32 0 249 1
32 0 777 1
32 0 778 1
32 0 247 1
32 0 250 1
32 0 752 1
33 0 252 1
33 0 431 1
33 0 141 1
33 0 516 1
34 0 252 1
34 0 431 1
34 0 672 1
34 0 714 1
34 0 799 1
34 0 800 1
34 0 516 1
35 0 166 1
35 0 167 1
35 0 132 1
35 0 517 1
36 0 169 1
36 0 168 1
36 0 518 1
37 0 173 1
37 0 188 1
37 0 172 1
37 0 97 1
37 0 121 1
37 0 187 1
37 0 242 1
37 0 409 1
37 0 487 1
37 0 519 1
38 0 24 1
38 0 283 1
38 0 552 1
38 0 272 1
38 0 557 1
38 0 558 1
38 0 553 1
38 0 554 1
38 0 555 1
38 0 556 1
38 0 536 1
39 0 272 1
39 0 555 1
39 0 24 1
39 0 283 1
39 0 552 1
39 0 79 1
39 0 207 1
39 0 418 1
39 0 557 1
39 0 554 1
39 0 556 1
39 0 505 1
39 0 1257 1
39 0 536 1
40 0 24 1
40 0 283 1
40 0 552 1
40 0 272 1
40 0 85 1
40 0 976 1
40 0 557 1
40 0 558 1
40 0 553 1
40 0 554 1
40 0 555 1
40 0 556 1
40 0 536 1
41 0 288 1
41 0 289 1
41 0 433 1
41 0 520 1
42 0 468 1
42 0 467 1
42 0 469 1
42 0 470 1
42 0 775 1
42 0 521 1
43 0 467 1
43 0 468 1
43 0 39 1
43 0 503 1
43 0 775 1
43 0 469 1
43 0 521 1
44 0 302 1
44 0 436 1
44 0 437 1
44 0 524 1
45 0 305 1
45 0 570 1
45 0 308 1
45 0 481 1
45 0 338 1
45 0 1226 1
45 0 1355 1
45 0 1185 1
45 0 629 1
45 0 663 1
45 0 798 1
45 0 572 1
45 0 525 1
46 0 305 1
46 0 338 1
46 0 344 1
46 0 481 1
46 0 84 1
46 0 123 1
46 0 1185 1
46 0 623 1
46 0 570 1
46 0 798 1
46 0 1226 1
46 0 629 1
46 0 663 1
46 0 572 1
46 0 1355 1
46 0 525 1
47 0 304 1
47 0 306 1
47 0 307 1
47 0 305 1
47 0 629 1
47 0 663 1
47 0 308 1
47 0 309 1
47 0 310 1
47 0 570 1
47 0 798 1
47 0 1185 1
47 0 1355 1
47 0 572 1
47 0 525 1
48 0 439 1
48 0 311 1
48 0 316 1
48 0 440 1
48 0 187 1
48 0 314 1
48 0 315 1
48 0 797 1
48 0 798 1
48 0 794 1
48 0 265 1
48 0 526 1
49 0 320 1
49 0 478 1
49 0 527 1
50 0 326 1
50 0 629 1
50 0 21 1
50 0 94 1
50 0 22 1
50 0 306 1
50 0 528 1
51 0 94 1
51 0 23 1
51 0 105 1
51 0 381 1
51 0 192 1
51 0 326 1
51 0 63 1
51 0 494 1
51 0 629 1
51 0 261 1
51 0 528 1
52 0 21 1
52 0 22 1
52 0 306 1
52 0 326 1
52 0 528 1
53 0 296 1
53 0 33 1
53 0 446 1
53 0 447 1
53 0 448 1
53 0 449 1
53 0 208 1
53 0 297 1
53 0 298 1
53 0 299 1
53 0 531 1
54 0 84 1
54 0 24 1
54 0 101 1
54 0 294 1
54 0 628 1
54 0 661 1
54 0 364 1
54 0 365 1
54 0 560 1
54 0 123 1
55 0 16 1
55 0 375 1
55 0 460 1
55 0 378 1
55 0 255 1
55 0 271 1
55 0 376 1
55 0 377 1
55 0 562 1
55 0 502 1
55 0 538 1
56 0 380 1
56 0 749 1
56 0 1339 1
56 0 14 1
56 0 705 1
56 0 779 1
56 0 780 1
56 0 379 1
56 0 643 1
56 0 686 1
56 0 753 1
57 0 380 1
57 0 593 1
57 0 746 1
57 0 914 1
57 0 14 1
57 0 379 1
57 0 705 1
57 0 779 1
57 0 780 1
57 0 704 1
57 0 12 1
57 0 15 1
57 0 857 1
57 0 859 1
57 0 753 1
58 0 788 1
58 0 785 1
58 0 786 1
58 0 787 1
58 0 23 1
58 0 381 1
58 0 382 1
58 0 784 1
58 0 789 1
58 0 754 1
59 0 788 1
59 0 785 1
59 0 786 1
59 0 787 1
59 0 754 1
60 0 475 1
60 0 476 1
60 0 527 1
60 0 320 1
60 0 478 1
60 0 322 1
61 0 565 1
61 0 566 1
61 0 564 1
61 0 1159 1
61 0 661 1
61 0 539 1
62 0 566 1
62 0 567 1
62 0 1084 1
62 0 1078 1
62 0 1081 1
62 0 539 1
63 0 567 1
63 0 564 1
63 0 566 1
63 0 539 1
64 0 390 1
64 0 391 1
64 0 627 1
65 0 2 1
65 0 3 1
65 0 128 1
65 0 180 1
65 0 323 1
65 0 324 1
65 0 418 1
65 0 664 1
65 0 629 1
65 0 393 1
65 0 394 1
65 0 659 1
65 0 4 1
65 0 384 1
65 0 1302 1
65 0 388 1
66 0 664 1
66 0 629 1
66 0 180 1
66 0 659 1
66 0 660 1
66 0 388 1
67 0 2 1
67 0 3 1
67 0 664 1
67 0 629 1
67 0 323 1
67 0 324 1
67 0 393 1
67 0 128 1
67 0 180 1
67 0 394 1
67 0 659 1
67 0 389 1
67 0 4 1
67 0 1302 1
67 0 388 1
68 0 662 1
68 0 101 1
68 0 460 1
68 0 661 1
68 0 62 1
68 0 628 1
69 0 458 1
69 0 570 1
69 0 977 1
69 0 62 1
69 0 336 1
69 0 540 1
70 0 333 1
70 0 568 1
70 0 570 1
70 0 62 1
70 0 101 1
70 0 283 1
70 0 565 1
70 0 24 1
70 0 977 1
70 0 307 1
70 0 540 1
71 0 569 1
71 0 571 1
71 0 1355 1
71 0 101 1
71 0 655 1
71 0 1213 1
71 0 798 1
71 0 572 1
71 0 540 1
72 0 21 1
72 0 324 1
72 0 630 1
72 0 94 1
72 0 664 1
72 0 304 1
72 0 128 1
72 0 323 1
72 0 663 1
72 0 570 1
72 0 494 1
72 0 305 1
72 0 309 1
72 0 571 1
72 0 655 1
72 0 388 1
72 0 62 1
72 0 629 1
73 0 332 1
73 0 572 1
73 0 578 1
73 0 573 1
73 0 574 1
73 0 421 1
73 0 25 1
73 0 317 1
73 0 577 1
73 0 401 1
73 0 625 1
73 0 160 1
73 0 1213 1
73 0 1304 1
73 0 1198 1
73 0 655 1
73 0 1355 1
73 0 68 1
73 0 571 1
73 0 1252 1
73 0 541 1
74 0 576 1
74 0 656 1
74 0 575 1
74 0 317 1
74 0 574 1
74 0 578 1
74 0 541 1
75 0 667 1
75 0 324 1
75 0 378 1
75 0 666 1
75 0 670 1
75 0 630 1
76 0 378 1
76 0 667 1
76 0 324 1
76 0 666 1
76 0 670 1
76 0 1391 1
76 0 329 1
76 0 630 1
77 0 668 1
77 0 666 1
77 0 667 1
77 0 670 1
77 0 329 1
77 0 1391 1
77 0 630 1
78 0 588 1
78 0 589 1
78 0 590 1
78 0 543 1
79 0 597 1
79 0 598 1
79 0 688 1
79 0 708 1
79 0 713 1
79 0 544 1
80 0 594 1
80 0 597 1
80 0 596 1
80 0 598 1
80 0 544 1
81 0 672 1
81 0 799 1
81 0 631 1
82 0 676 1
82 0 677 1
82 0 678 1
82 0 679 1
82 0 205 1
82 0 632 1
83 0 680 1
83 0 681 1
83 0 682 1
83 0 683 1
83 0 633 1
84 0 606 1
84 0 406 1
84 0 608 1
84 0 142 1
84 0 294 1
84 0 354 1
84 0 522 1
84 0 962 1
84 0 1192 1
84 0 1213 1
84 0 873 1
84 0 546 1
85 0 608 1
85 0 406 1
85 0 606 1
85 0 710 1
85 0 546 1
86 0 594 1
86 0 790 1
86 0 755 1
87 0 606 1
87 0 611 1
87 0 562 1
87 0 50 1
87 0 236 1
87 0 609 1
87 0 612 1
87 0 406 1
87 0 547 1
88 0 613 1
88 0 614 1
88 0 615 1
88 0 616 1
88 0 617 1
88 0 618 1
88 0 548 1
89 0 793 1
89 0 794 1
89 0 797 1
89 0 795 1
89 0 796 1
89 0 420 1
89 0 757 1
90 0 794 1
90 0 797 1
90 0 798 1
90 0 793 1
90 0 796 1
90 0 291 1
90 0 800 1
90 0 1187 1
90 0 256 1
90 0 311 1
90 0 335 1
90 0 1364 1
90 0 1367 1
90 0 757 1
91 0 252 1
91 0 801 1
91 0 797 1
91 0 799 1
91 0 800 1
91 0 793 1
91 0 794 1
91 0 1154 1
91 0 672 1
91 0 757 1
92 0 802 1
92 0 803 1
92 0 808 1
92 0 809 1
92 0 811 1
92 0 804 1
92 0 805 1
92 0 806 1
92 0 253 1
92 0 1247 1
92 0 807 1
92 0 810 1
92 0 1243 1
92 0 758 1
93 0 691 1
93 0 635 1
94 0 24 1
94 0 283 1
94 0 294 1
94 0 559 1
94 0 689 1
94 0 690 1
94 0 101 1
94 0 1393 1
94 0 354 1
94 0 1104 1
94 0 1161 1
94 0 1395 1
94 0 635 1
95 0 283 1
95 0 662 1
95 0 635 1
96 0 703 1
96 0 704 1
96 0 705 1
96 0 698 1
96 0 699 1
96 0 700 1
96 0 1289 1
96 0 779 1
96 0 701 1
96 0 702 1
96 0 706 1
96 0 792 1
96 0 1339 1
96 0 637 1
97 0 699 1
97 0 700 1
97 0 701 1
97 0 698 1
97 0 1289 1
97 0 702 1
97 0 703 1
97 0 779 1
97 0 1339 1
97 0 681 1
97 0 637 1
98 0 713 1
98 0 708 1
98 0 709 1
98 0 711 1
98 0 712 1
98 0 638 1
99 0 717 1
99 0 719 1
99 0 1001 1
99 0 1379 1
99 0 639 1
100 0 821 1
100 0 822 1
100 0 824 1
100 0 820 1
100 0 823 1
100 0 825 1
100 0 1122 1
100 0 1051 1
100 0 1121 1
100 0 760 1
101 0 817 1
101 0 818 1
101 0 819 1
101 0 820 1
101 0 825 1
101 0 824 1
101 0 760 1
102 0 728 1
102 0 913 1
102 0 910 1
102 0 911 1
102 0 729 1
103 0 826 1
103 0 828 1
103 0 761 1
104 0 833 1
104 0 834 1
104 0 835 1
104 0 836 1
104 0 837 1
104 0 762 1
105 0 848 1
105 0 844 1
105 0 845 1
105 0 846 1
105 0 847 1
105 0 764 1
106 0 847 1
106 0 846 1
106 0 849 1
106 0 844 1
106 0 845 1
106 0 764 1
107 0 725 1
107 0 728 1
107 0 729 1
107 0 911 1
107 0 720 1
107 0 75 1
107 0 909 1
107 0 640 1
108 0 724 1
108 0 726 1
108 0 727 1
108 0 75 1
108 0 909 1
108 0 720 1
108 0 723 1
108 0 640 1
109 0 860 1
109 0 861 1
109 0 606 1
109 0 980 1
109 0 12 1
109 0 766 1
110 0 862 1
110 0 863 1
110 0 31 1
110 0 1174 1
110 0 766 1
111 0 15 1
111 0 391 1
111 0 864 1
111 0 914 1
111 0 392 1
111 0 627 1
111 0 658 1
111 0 894 1
112 0 731 1
112 0 730 1
112 0 641 1
113 0 746 1
113 0 748 1
113 0 749 1
113 0 265 1
113 0 643 1
114 0 919 1
114 0 916 1
114 0 920 1
114 0 921 1
114 0 895 1
115 0 51 1
115 0 185 1
115 0 878 1
115 0 874 1
115 0 184 1
116 0 922 1
116 0 360 1
116 0 605 1
116 0 927 1
116 0 492 1
116 0 896 1
117 0 360 1
117 0 605 1
117 0 896 1
118 0 923 1
118 0 924 1
118 0 925 1
118 0 896 1
119 0 926 1
119 0 897 1
120 0 829 1
120 0 887 1
120 0 890 1
120 0 885 1
120 0 886 1
120 0 888 1
120 0 889 1
120 0 1146 1
120 0 891 1
120 0 769 1
121 0 885 1
121 0 886 1
121 0 1146 1
121 0 887 1
121 0 888 1
121 0 890 1
121 0 891 1
121 0 769 1
122 0 931 1
122 0 932 1
122 0 934 1
122 0 935 1
122 0 936 1
122 0 937 1
122 0 938 1
122 0 957 1
122 0 1131 1
122 0 898 1
123 0 966 1
123 0 967 1
123 0 941 1
124 0 967 1
124 0 968 1
124 0 964 1
124 0 965 1
124 0 941 1
125 0 969 1
125 0 970 1
125 0 971 1
125 0 187 1
125 0 973 1
125 0 173 1
125 0 974 1
125 0 177 1
125 0 972 1
125 0 174 1
125 0 997 1
125 0 176 1
125 0 409 1
125 0 946 1
125 0 992 1
125 0 994 1
125 0 995 1
125 0 942 1
126 0 974 1
126 0 1326 1
126 0 187 1
126 0 969 1
126 0 970 1
126 0 971 1
126 0 972 1
126 0 973 1
126 0 942 1
127 0 101 1
127 0 164 1
127 0 981 1
127 0 982 1
127 0 983 1
127 0 944 1
128 0 985 1
128 0 990 1
128 0 945 1
129 0 985 1
129 0 987 1
129 0 984 1
129 0 988 1
129 0 989 1
129 0 986 1
129 0 990 1
129 0 945 1
130 0 766 1
130 0 858 1
130 0 859 1
130 0 1008 1
130 0 12 1
130 0 948 1
131 0 1014 1
131 0 1020 1
131 0 1013 1
131 0 1016 1
131 0 1017 1
131 0 1012 1
131 0 1018 1
131 0 1019 1
131 0 950 1
132 0 1014 1
132 0 1013 1
132 0 1015 1
132 0 1016 1
132 0 1012 1
132 0 1018 1
132 0 1019 1
132 0 1017 1
132 0 951 1
132 0 1023 1
132 0 1020 1
132 0 952 1
132 0 1024 1
132 0 1025 1
132 0 1026 1
132 0 950 1
133 0 1020 1
133 0 1018 1
133 0 1019 1
133 0 1024 1
133 0 1012 1
133 0 1016 1
133 0 1022 1
133 0 950 1
134 0 1027 1
134 0 1028 1
134 0 951 1
135 0 1018 1
135 0 1017 1
135 0 1023 1
135 0 1024 1
135 0 1025 1
135 0 1026 1
135 0 950 1
135 0 1016 1
135 0 951 1
136 0 1021 1
136 0 1022 1
136 0 1034 1
136 0 951 1
137 0 1029 1
137 0 1034 1
137 0 951 1
137 0 1021 1
137 0 952 1
138 0 846 1
138 0 1036 1
138 0 953 1
139 0 1031 1
139 0 1032 1
139 0 1035 1
139 0 1037 1
139 0 953 1
140 0 1038 1
140 0 1039 1
140 0 1041 1
140 0 1042 1
140 0 1043 1
140 0 1044 1
140 0 954 1
141 0 1038 1
141 0 1041 1
141 0 1043 1
141 0 1044 1
141 0 1039 1
141 0 1042 1
141 0 954 1
142 0 1042 1
142 0 954 1
143 0 1043 1
143 0 1044 1
143 0 954 1
144 0 840 1
144 0 1045 1
144 0 763 1
144 0 838 1
144 0 839 1
144 0 841 1
144 0 955 1
145 0 763 1
145 0 838 1
145 0 839 1
145 0 1045 1
145 0 743 1
145 0 852 1
145 0 841 1
145 0 955 1
146 0 840 1
146 0 1045 1
146 0 955 1
147 0 889 1
147 0 1046 1
147 0 1048 1
147 0 1047 1
147 0 1049 1
147 0 1051 1
147 0 1050 1
147 0 843 1
147 0 926 1
147 0 822 1
147 0 956 1
148 0 889 1
148 0 1048 1
148 0 1050 1
148 0 1046 1
148 0 1049 1
148 0 843 1
148 0 956 1
149 0 1057 1
149 0 1058 1
149 0 1059 1
149 0 1052 1
149 0 930 1
149 0 931 1
149 0 934 1
149 0 936 1
149 0 937 1
149 0 938 1
149 0 1131 1
149 0 957 1
150 0 1074 1
150 0 1075 1
150 0 1062 1
151 0 687 1
151 0 1076 1
151 0 1074 1
151 0 1075 1
151 0 1077 1
151 0 1062 1
152 0 1076 1
152 0 1077 1
152 0 569 1
152 0 572 1
152 0 687 1
152 0 655 1
152 0 1062 1
153 0 1078 1
153 0 1083 1
153 0 1084 1
153 0 1080 1
153 0 1081 1
153 0 1082 1
153 0 1085 1
153 0 1063 1
154 0 1087 1
154 0 1088 1
154 0 1063 1
155 0 1103 1
155 0 1100 1
155 0 983 1
155 0 1101 1
155 0 1104 1
155 0 1099 1
155 0 1065 1
156 0 983 1
156 0 1102 1
156 0 1097 1
156 0 1100 1
156 0 274 1
156 0 1096 1
156 0 1098 1
156 0 1099 1
156 0 1103 1
156 0 982 1
156 0 1104 1
156 0 553 1
156 0 1101 1
156 0 82 1
156 0 1065 1
157 0 273 1
157 0 1105 1
157 0 1106 1
157 0 93 1
157 0 161 1
157 0 302 1
157 0 122 1
157 0 666 1
157 0 1107 1
157 0 556 1
157 0 25 1
157 0 1011 1
157 0 19 1
157 0 35 1
157 0 1355 1
157 0 372 1
157 0 410 1
157 0 456 1
157 0 36 1
157 0 44 1
157 0 215 1
157 0 626 1
157 0 1151 1
157 0 354 1
157 0 369 1
157 0 370 1
157 0 421 1
157 0 557 1
157 0 605 1
157 0 655 1
157 0 657 1
157 0 689 1
157 0 1307 1
157 0 318 1
157 0 423 1
157 0 1304 1
157 0 160 1
157 0 482 1
157 0 572 1
157 0 1006 1
158 0 302 1
158 0 1011 1
158 0 552 1
158 0 998 1
158 0 1009 1
158 0 1010 1
158 0 273 1
158 0 556 1
158 0 1006 1
159 0 234 1
159 0 1108 1
159 0 1110 1
159 0 1114 1
159 0 1115 1
159 0 1111 1
159 0 1112 1
159 0 231 1
159 0 1066 1
160 0 1134 1
160 0 1137 1
160 0 1138 1
160 0 1135 1
160 0 1136 1
160 0 1071 1
161 0 54 1
161 0 1386 1
161 0 562 1
161 0 336 1
161 0 55 1
161 0 996 1
161 0 489 1
162 0 111 1
162 0 155 1
162 0 460 1
162 0 461 1
162 0 54 1
162 0 562 1
162 0 458 1
162 0 459 1
162 0 489 1
163 0 20 1
163 0 56 1
163 0 57 1
163 0 492 1
164 0 311 1
164 0 415 1
164 0 416 1
164 0 798 1
164 0 316 1
164 0 335 1
164 0 1364 1
164 0 1367 1
164 0 503 1
165 0 71 1
165 0 72 1
165 0 504 1
166 0 40 1
166 0 41 1
166 0 74 1
166 0 207 1
166 0 272 1
166 0 418 1
166 0 170 1
166 0 1264 1
166 0 504 1
167 0 274 1
167 0 82 1
167 0 509 1
168 0 217 1
168 0 774 1
168 0 750 1
169 0 118 1
169 0 157 1
169 0 774 1
169 0 775 1
169 0 750 1
170 0 139 1
170 0 238 1
170 0 239 1
170 0 904 1
170 0 906 1
170 0 672 1
170 0 893 1
171 0 252 1
171 0 431 1
171 0 141 1
171 0 516 1
172 0 320 1
172 0 321 1
172 0 322 1
172 0 476 1
172 0 527 1
173 0 367 1
173 0 451 1
173 0 532 1
174 0 58 1
174 0 411 1
174 0 36 1
174 0 423 1
174 0 482 1
174 0 533 1
175 0 351 1
175 0 966 1
175 0 967 1
175 0 964 1
175 0 965 1
175 0 941 1
176 0 582 1
176 0 583 1
176 0 584 1
176 0 585 1
176 0 978 1
176 0 586 1
176 0 982 1
176 0 542 1
177 0 588 1
177 0 589 1
177 0 592 1
177 0 772 1
177 0 590 1
177 0 543 1
178 0 591 1
178 0 590 1
178 0 588 1
178 0 589 1
178 0 543 1
179 0 680 1
179 0 681 1
179 0 682 1
179 0 683 1
179 0 633 1
180 0 622 1
180 0 619 1
180 0 620 1
180 0 621 1
180 0 617 1
180 0 616 1
180 0 1150 1
180 0 548 1
181 0 973 1
181 0 974 1
181 0 409 1
181 0 997 1
181 0 1061 1
181 0 942 1
182 0 685 1
182 0 686 1
182 0 634 1
183 0 803 1
183 0 808 1
183 0 802 1
183 0 807 1
183 0 811 1
183 0 253 1
183 0 804 1
183 0 805 1
183 0 806 1
183 0 809 1
183 0 810 1
183 0 1243 1
183 0 1247 1
183 0 758 1
184 0 32 1
184 0 67 1
184 0 715 1
184 0 717 1
184 0 716 1
184 0 499 1
184 0 1379 1
184 0 639 1
185 0 858 1
185 0 859 1
185 0 857 1
185 0 1008 1
185 0 856 1
185 0 15 1
185 0 285 1
185 0 894 1
185 0 766 1
185 0 948 1
186 0 1309 1
186 0 1378 1
186 0 923 1
186 0 161 1
186 0 421 1
186 0 1377 1
186 0 924 1
186 0 1062 1
186 0 1074 1
186 0 1379 1
186 0 1380 1
186 0 1075 1
186 0 225 1
186 0 1280 1
186 0 1305 1
186 0 1304 1
186 0 1188 1
187 0 838 1
187 0 839 1
187 0 840 1
187 0 743 1
187 0 842 1
187 0 1045 1
187 0 763 1
188 0 721 1
188 0 722 1
188 0 723 1
188 0 75 1
188 0 909 1
188 0 724 1
188 0 726 1
188 0 725 1
188 0 728 1
188 0 729 1
188 0 911 1
188 0 640 1
189 0 395 1
189 0 866 1
189 0 869 1
189 0 865 1
189 0 868 1
189 0 870 1
189 0 867 1
189 0 872 1
189 0 873 1
189 0 767 1
190 0 15 1
190 0 391 1
190 0 285 1
190 0 390 1
190 0 864 1
190 0 894 1
191 0 914 1
191 0 915 1
191 0 285 1
191 0 857 1
191 0 858 1
191 0 15 1
191 0 391 1
191 0 856 1
191 0 390 1
191 0 1008 1
191 0 948 1
191 0 864 1
191 0 658 1
191 0 894 1
192 0 733 1
192 0 734 1
192 0 735 1
192 0 736 1
192 0 641 1
193 0 730 1
193 0 422 1
193 0 648 1
193 0 731 1
193 0 733 1
193 0 734 1
193 0 1392 1
193 0 735 1
193 0 736 1
193 0 641 1
194 0 739 1
194 0 740 1
194 0 742 1
194 0 744 1
194 0 741 1
194 0 743 1
194 0 642 1
195 0 739 1
195 0 742 1
195 0 743 1
195 0 642 1
196 0 51 1
196 0 185 1
196 0 874 1
196 0 878 1
196 0 879 1
196 0 880 1
196 0 12 1
196 0 875 1
196 0 876 1
196 0 202 1
196 0 746 1
196 0 13 1
196 0 184 1
197 0 881 1
197 0 883 1
197 0 884 1
197 0 768 1
198 0 887 1
198 0 888 1
198 0 889 1
198 0 843 1
198 0 769 1
199 0 1052 1
199 0 1053 1
199 0 1054 1
199 0 1055 1
199 0 1056 1
199 0 1060 1
199 0 743 1
199 0 744 1
199 0 957 1
200 0 1134 1
200 0 1137 1
200 0 1138 1
200 0 1071 1
201 0 552 1
201 0 625 1
201 0 1296 1
201 0 93 1
201 0 1151 1
201 0 401 1
201 0 110 1
201 0 1391 1
201 0 423 1
201 0 541 1
201 0 1295 1
201 0 318 1
201 0 1304 1
201 0 160 1
201 0 369 1
201 0 482 1
201 0 1140 1
202 0 1303 1
202 0 1304 1
202 0 1309 1
202 0 1306 1
202 0 1308 1
202 0 605 1
202 0 602 1
202 0 603 1
202 0 604 1
202 0 1110 1
202 0 1305 1
202 0 1310 1
202 0 48 1
202 0 232 1
202 0 1285 1
203 0 58 1
203 0 1305 1
203 0 1306 1
203 0 602 1
203 0 603 1
203 0 604 1
203 0 1307 1
203 0 1310 1
203 0 19 1
203 0 232 1
203 0 323 1
203 0 688 1
203 0 122 1
203 0 1188 1
203 0 1285 1
204 0 572 1
204 0 1311 1
204 0 63 1
204 0 540 1
204 0 602 1
204 0 603 1
204 0 604 1
204 0 1305 1
204 0 1188 1
204 0 307 1
204 0 1213 1
204 0 655 1
204 0 1355 1
204 0 68 1
204 0 1285 1
205 0 1321 1
205 0 1322 1
205 0 1287 1
206 0 1338 1
206 0 1341 1
206 0 1340 1
206 0 1290 1
207 0 1338 1
207 0 1339 1
207 0 1340 1
207 0 1341 1
207 0 879 1
207 0 1290 1
208 0 163 1
208 0 1344 1
208 0 1345 1
208 0 164 1
208 0 1347 1
208 0 1346 1
208 0 1291 1
209 0 1351 1
209 0 1356 1
209 0 1350 1
209 0 187 1
209 0 487 1
209 0 45 1
209 0 55 1
209 0 316 1
209 0 1383 1
209 0 1385 1
209 0 1106 1
209 0 1228 1
209 0 1292 1
210 0 1171 1
210 0 891 1
210 0 1172 1
210 0 1173 1
210 0 1030 1
210 0 1174 1
210 0 1145 1
211 0 891 1
211 0 1172 1
211 0 1173 1
211 0 1174 1
211 0 763 1
211 0 769 1
211 0 1030 1
211 0 1031 1
211 0 1033 1
211 0 1052 1
211 0 1068 1
211 0 1145 1
212 0 888 1
212 0 889 1
212 0 1178 1
212 0 885 1
212 0 887 1
212 0 886 1
212 0 841 1
212 0 1176 1
212 0 1177 1
212 0 890 1
212 0 769 1
212 0 891 1
212 0 1173 1
212 0 843 1
212 0 1146 1
213 0 888 1
213 0 885 1
213 0 887 1
213 0 889 1
213 0 1178 1
213 0 769 1
213 0 1173 1
213 0 1177 1
213 0 886 1
213 0 890 1
213 0 843 1
213 0 1146 1
214 0 833 1
214 0 1361 1
214 0 1362 1
214 0 1363 1
214 0 1294 1
215 0 37 1
215 0 35 1
215 0 535 1
216 0 156 1
216 0 506 1
217 0 666 1
217 0 667 1
217 0 1258 1
217 0 1394 1
217 0 668 1
217 0 670 1
217 0 1204 1
217 0 1391 1
217 0 1395 1
217 0 1300 1
217 0 37 1
217 0 559 1
217 0 630 1
217 0 1107 1
217 0 1213 1
217 0 1191 1
218 0 24 1
218 0 101 1
218 0 666 1
218 0 667 1
218 0 93 1
218 0 1258 1
218 0 1393 1
218 0 559 1
218 0 630 1
218 0 662 1
218 0 1104 1
218 0 1107 1
218 0 1204 1
218 0 1213 1
218 0 1300 1
218 0 1191 1
219 0 1391 1
219 0 666 1
219 0 667 1
219 0 1258 1
219 0 1078 1
219 0 1080 1
219 0 1081 1
219 0 1394 1
219 0 1395 1
219 0 1214 1
219 0 1198 1
219 0 1204 1
219 0 1300 1
219 0 559 1
219 0 630 1
219 0 662 1
219 0 1107 1
219 0 1213 1
219 0 1191 1
220 0 1383 1
220 0 1385 1
220 0 155 1
220 0 241 1
220 0 1382 1
220 0 1370 1
220 0 1386 1
220 0 111 1
220 0 1384 1
220 0 150 1
220 0 292 1
220 0 458 1
220 0 479 1
220 0 977 1
220 0 376 1
220 0 459 1
220 0 1365 1
220 0 62 1
220 0 1366 1
220 0 1182 1
221 0 155 1
221 0 1383 1
221 0 1385 1
221 0 1382 1
221 0 62 1
221 0 292 1
221 0 241 1
221 0 1370 1
221 0 1384 1
221 0 458 1
221 0 459 1
221 0 461 1
221 0 1386 1
221 0 1365 1
221 0 1366 1
221 0 111 1
221 0 150 1
221 0 479 1
221 0 1182 1
222 0 400 1
222 0 419 1
222 0 1387 1
222 0 412 1
222 0 1392 1
222 0 1398 1
222 0 1397 1
222 0 1400 1
222 0 1399 1
222 0 1396 1
223 0 400 1
223 0 1387 1
223 0 1392 1
223 0 1398 1
223 0 1396 1
224 0 656 1
224 0 1313 1
224 0 1317 1
224 0 1316 1
224 0 1318 1
224 0 1319 1
224 0 1157 1
224 0 1274 1
224 0 1286 1
225 0 1379 1
225 0 1305 1
225 0 1304 1
225 0 40 1
225 0 293 1
225 0 1309 1
225 0 161 1
225 0 421 1
225 0 1377 1
225 0 1378 1
225 0 1381 1
225 0 225 1
225 0 1380 1
225 0 448 1
225 0 449 1
225 0 1124 1
225 0 1280 1
225 0 433 1
225 0 923 1
225 0 924 1
225 0 1062 1
225 0 1074 1
225 0 1075 1
225 0 1213 1
225 0 1188 1
